pitch: 0
roll: 0
x: 363736.3634830646
y: 142919.19169887312
yaw: 0
z: 0
